
 0.000000  1.000000
 0.361450  2.000000
 0.640500  3.000000
 0.657140  4.000000
 0.938580  5.000000
 0.939220  6.000000
 0.952830  7.000000
 0.969470  8.000000
 1.234270  9.000000
 1.234910  10.000000
 1.250910  11.000000
 1.250910  10.000000
 1.267550  11.000000
 1.267550  10.000000
 1.284190  11.000000
 1.284190  10.000000
 1.300830  11.000000
 1.300830  10.000000
 1.317470  11.000000
 1.317470  10.000000
 1.334110  11.000000
 1.334110  10.000000
 1.513310  11.000000
 1.513310  10.000000
 1.529950  11.000000
 1.529950  10.000000
 1.546590  11.000000
 1.546590  10.000000
 1.563230  11.000000
 1.563230  10.000000
 1.579870  11.000000
 1.579870  10.000000
 1.596510  11.000000
 1.596510  10.000000
 1.613150  11.000000
 1.613150  10.000000
 1.629790  11.000000
 1.629790  10.000000
 1.646430  11.000000
 1.646430  10.000000
 1.663070  11.000000
 1.663070  10.000000
 2.279050  11.000000
 2.279050  10.000000
 2.295690  11.000000
 2.295690  10.000000
 2.312330  11.000000
 2.312330  10.000000
 2.328970  11.000000
 2.328970  10.000000
 2.345610  11.000000
 2.345610  10.000000
 2.362250  11.000000
 2.362250  10.000000
 2.379530  11.000000
 2.379530  10.000000
 2.396170  11.000000
 2.396170  10.000000
 2.412810  11.000000
 2.412810  10.000000
 2.429450  11.000000
 2.429450  10.000000
 2.558090  11.000000
 2.558090  10.000000
 2.574730  11.000000
 2.574730  10.000000
 2.591370  11.000000
 2.591370  10.000000
 2.608010  11.000000
 2.608010  10.000000
 2.624650  11.000000
 2.624650  10.000000
 2.641290  11.000000
 2.641290  10.000000
 2.658570  11.000000
 2.658570  10.000000
 2.675210  11.000000
 2.675210  10.000000
 2.691850  11.000000
 2.691850  10.000000
 2.708490  11.000000
 2.708490  10.000000
 2.837140  11.000000
 2.837140  10.000000
 2.853780  11.000000
 2.853780  10.000000
 2.870420  11.000000
 2.870420  10.000000
 2.887060  11.000000
 2.887060  10.000000
 2.903700  11.000000
 2.903700  10.000000
 2.920340  11.000000
 2.920340  10.000000
 2.937620  11.000000
 2.937620  10.000000
 2.954260  11.000000
 2.954260  10.000000
 2.970900  11.000000
 2.970900  10.000000
 2.987540  11.000000
 2.987540  10.000000
 3.116190  11.000000
 3.116190  10.000000
 3.132830  11.000000
 3.132830  10.000000
 3.149470  11.000000
 3.149470  10.000000
 3.166110  11.000000
 3.166110  10.000000
 3.182750  11.000000
 3.182750  10.000000
 3.199390  11.000000
 3.199390  10.000000
 3.216670  11.000000
 3.216670  10.000000
 3.233310  11.000000
 3.233310  10.000000
 3.249950  11.000000
 3.249950  10.000000
 3.266590  11.000000
 3.266590  10.000000
 3.395230  11.000000
 3.395230  10.000000
 3.411870  11.000000
 3.411870  10.000000
 3.428510  11.000000
 3.428510  10.000000
 3.445150  11.000000
 3.445150  10.000000
 3.461790  11.000000
 3.461790  10.000000
 3.478430  11.000000
 3.478430  10.000000
 3.495710  11.000000
 3.495710  10.000000
