
 0.000000  1.000000
 0.461450  2.000000
 0.740500  3.000000
 0.757140  4.000000
 1.019550  5.000000
 1.036190  6.000000
 1.036190  5.000000
 1.052830  6.000000
 1.052830  5.000000
 1.069470  6.000000
 1.069470  5.000000
 1.298590  6.000000
 1.298590  5.000000
 1.315230  6.000000
 1.315230  5.000000
 1.331870  6.000000
 1.331870  5.000000
 1.348510  6.000000
 1.348510  5.000000
 1.365150  6.000000
 1.365150  5.000000
 1.577640  6.000000
 1.577640  5.000000
 1.594280  6.000000
 1.594280  5.000000
 1.610920  6.000000
 1.610920  5.000000
 1.627560  6.000000
 1.627560  5.000000
 1.644200  6.000000
 1.644200  5.000000
 1.856690  6.000000
 1.856690  5.000000
 1.873330  6.000000
 1.873330  5.000000
 1.889970  6.000000
 1.889970  5.000000
 1.906610  6.000000
 1.906610  5.000000
 1.923250  6.000000
 1.923250  5.000000
 2.231580  6.000000
 2.231580  5.000000
 2.298780  6.000000
 2.298780  5.000000
 2.299210  6.000000
 2.299210  5.000000
 2.299850  6.000000
 2.299850  5.000000
 2.300490  6.000000
 2.300490  5.000000
 2.840490  1.000000